Zone0 = 2349.000000|2594.531250|2760.000000|2870.531250|5
Zone1 = 1854.000000|2594.531250|2349.000000|2870.531250|5
Zone2 = 1335.000000|2588.531250|1857.000000|2870.531250|5
Zone3 = 1005.984375|2586.515625|1338.984375|2871.515625|5
Zone4 = 1005.984375|2342.531250|1338.984375|2588.531250|5
Zone5 = 1338.984375|2342.531250|1857.984375|2588.531250|5
Zone6 = 1857.000000|2342.531250|2349.000000|2594.531250|5
Zone7 = 2349.000000|2342.531250|2760.000000|2594.531250|5
Zone8 = 1002.984375|2027.531250|1338.984375|2342.531250|5
Zone9 = 1338.984375|2042.531250|1857.984375|2342.531250|5
Zone10 = 1857.984375|2045.531250|2349.984375|2342.531250|5
Zone11 = 2349.000000|2045.531250|2760.000000|2342.531250|5
Zone12 = 1002.984375|1707.515625|1338.984375|2046.515625|1
Zone13 = 1338.984375|1707.515625|1857.984375|2046.515625|1
Zone14 = 1857.984375|1703.531250|2352.984375|2045.531250|6
Zone15 = 2352.984375|1703.531250|2763.984375|2045.531250|6
Zone16 = 1002.984375|1404.515625|1338.984375|1707.515625|14
Zone17 = 1338.984375|1398.515625|1857.984375|1707.515625|14
Zone18 = 1857.984375|1398.515625|2352.984375|1707.515625|6
Zone19 = 2352.984375|1400.531250|2763.984375|1703.531250|6
Zone20 = 1002.984375|1062.515625|1341.984375|1404.515625|14
Zone21 = 1341.984375|1059.515625|1860.984375|1398.515625|14
Zone22 = 1857.984375|1065.515625|2355.984375|1398.515625|6
Zone23 = 2355.984375|1067.531250|2754.984375|1400.531250|6
Zone24 = 1002.984375|768.515625|1344.984375|1062.515625|14
Zone25 = 1341.984375|768.515625|1860.984375|1062.515625|14
Zone26 = 1860.984375|765.515625|2358.984375|1065.515625|6
Zone27 = 2355.984375|761.531250|2757.984375|1067.531250|6
Zone28 = 1860.984375|600.515625|2757.984375|765.515625|6
Zone29 = 1002.984375|600.515625|1860.984375|768.515625|14